150
149
151
156
158
165
170
169
174
178
182
188
191
197
204
209
215
223
223
230
230
238
247
253
259
262
267
269
275
285
286
292
302
306
307
309
309
316
319
326
326
335
338
343
347
346
345
345
354
355
364
374
384
391
397
403
402
402
411
418
418
418
420
420
425
429
432
439
440
448
452
454
460
468
477
476
485
494
494
501
500
499
506
505
512
514
521
529
533
539
543
548
555
563
569
571
573
572
571
575
583
587
595
598
599
598
579
577
568
553
535
530
508
497
496
493
470
450
433
417
412
402
394
375
367
362
349
327
322
305
286
277
264
259
253
230
214
214
214
214
198
180
174
162
159
186
194
211
216
243
263
269
275
302
316
333
342
352
379
387
404
418
440
445
455
479
496
523
543
554
559
579
563
540
526
513
510
486
486
465
441
419
404
395
392
376
358
342
322
300
300
294
280
268
243
222
208
205
189
170
163
157
