Pin:	2
0
0
0
0
0
0
0
0
0
0
0
0
0
0
0
0
0
0
0
0
0
0
0
0
0
0
0
0
0
0
0
0
0
0
0
0
0
0
0
0
0
0
0
0
0
0
0
0
0
0
0
0
0
0
0
0
0
0
0
0
0
0
0
0
0
0
0
101
443
870
973
973
975
975
972
881
582
265
225
233
243
326
568
842
842
965
965
967
945
859
629
355
355
298
298
316
459
795
942
821
821
224
389
760
760
679
679
447
473
478
433
622
914
966
967
967
950
950
297
38
0
0
0
0
0
265
765
883
880
880
876
874
778
386
98
274
274
274
701
363
426
826
826
826
932
932
927
868
445
456
456
533
445
397
387
703
703
914
542
362
635
868
667
450
450
910
741
499
430
728
959
963
963
946
760
760
88
0
0
0
0
0
155
155
884
897
894
903
902
902
585
166
0
0
0
45
395
395
954
950
949
947
931
931
560
560
83
84
86
85
177
177
965
940
618
178
178
311
670
869
913
818
536
482
482
998
1006
1005
1005
1008
998
730
269
0
0
0
0
0
0
379
845
979
979
979
979
979
465
906
886
725
464
452
744
835
462
238
492
702
743
747
804
896
871
993
997
943
943
273
0
48
552
765
459
190
518
518
449
170
458
710
710
208
332
332
751
239
239
0
0
0
0
0
0
0
0
0
0
0
0
0
0
0
0
0
1
1
1
0
0
0
0
0
0
0
0
0
0
0
0
0
0
0
0
0
0
0
0
0
0
0
0
0
0
0
0
0
0
0
0
0
0
0
0
0
0
0
13
31
46
59
68
80
113
139
141
144
150
173
173
177
177
179
184
194
194
202
209
206
210
210
210
212
212
215
215
207
205
201
203
207
206
210
214
212
212
215
215
215
212
212
206
200
200
203
209
209
211
211
217
215
216
216
212
212
205
205
204
204
207
208
209
210
210
216
216
216
215
215
208
208
203
202
204
207
209
214
216
209
217
219
216
212
208
208
205
204
204
206
208
211
210
217
216
217
215
206
206
206
215
215
205
205
205
208
212
212
216
216
217
217
211
209
209
204
202
205
206
206
215
213
216
215
215
217
213
210
208
205
205
203
206
204
208
208
217
218
215
214
213
209
211
207
202
201
202
205
206
210
211
213
218
220
213
213
213
213
213
207
205
207
205
207
210
210
210
209
210
210
210
210
206
201
208
209
205
206
212
212
214
210
208
210
209
209
207
209
207
207
207
208
210
214
210
212
213
220
213
214
207
201
201
207
207
768
995
887
470
187
206
541
541
911
695
371
141
207
563
891
891
737
400
220
294
598
917
975
975
707
359
124
4
0
0
1
0
0
0
0
0
0
0
0
1
12
21
22
28
28
30
64
78
78
95
95
117
117
117
122
122
136
153
154
155
145
152
154
157
153
154
151
153
152
150
152
154
156
152
150
150
155
155
155
152
154
154
152
153
153
151
151
152
153
154
154
150
154
154
155
154
152
153
149
153
146
149
151
154
154
151
152
157
155
157
156
152
149
147
147
143
149
150
152
140
154
159
157
152
152
154
150
152
152
147
149
147
149
154
154
162
160
159
158
155
151
144
147
148
149
149
149
145
156
157
157
155
154
154
155
155
155
146
147
146
146
152
152
152
156
159
158
157
154
155
155
148
146
144
147
151
153
153
160
155
159
159
159
159
148
148
146
152
152
149
153
153
153
153
155
155
161
157
154
151
149
151
146
149
150
151
151
151
151
152
136
85
113
522
709
784
845
844
844
731
731
157
131
128
122
123
176
554
554
834
836
840
841
807
525
193
83
83
84
85
214
623
770
533
166
138
509
784
693
263
132
353
530
559
306
41
0
0
0
0
0
0
0
0
0
0
47
47
47
125
124
116
107
236
448
487
604
657
657
237
380
646
646
372
553
553
619
361
361
596
596
813
813
536
357
640
755
635
635
881
881
620
975
996
996
805
805
205
158
282
350
350
906
657
286
286
930
725
430
430
430
987
932
932
280
377
804
804
731
971
1001
811
811
811
93
87
54
45
204
734
734
567
445
932
989
979
984
904
904
184
78
74
18
28
34
61
61
61
862
747
747
186
186
527
527
527
658
658
304
476
476
986
998
996
1000
999
999
808
640
464
352
231
231
115
