Pin:	0
0
0
0
0
0
0
0
0
0
0
0
0
0
0
0
0
0
0
0
0
0
0
0
0
0
0
0
0
0
0
1
0
0
0
0
0
0
0
0
0
0
0
0
0
0
0
0
0
0
0
0
0
0
0
0
0
0
0
0
0
0
0
0
0
0
0
0
0
0
0
17
492
866
975
989
991
988
761
265
0
1
0
0
0
0
615
615
615
1020
1022
1023
845
845
173
64
64
0
0
60
486
913
1023
809
809
95
117
544
896
1015
915
554
394
630
987
1023
1023
1023
1023
831
420
420
0
0
0
0
0
0
76
741
1023
1023
1023
1022
1023
705
210
0
89
625
625
1015
595
181
138
587
954
1022
1022
1023
1023
750
251
25
0
0
40
464
947
940
444
117
140
140
1001
1001
1001
1001
1023
1023
655
222
483
1013
1013
1013
1000
1000
313
59
0
0
0
0
0
39
695
1023
1023
1022
1023
1023
1023
345
345
0
1
0
0
325
907
1023
1023
1023
1023
1007
855
456
456
0
0
0
0
402
989
1023
1023
578
136
0
209
752
752
1023
1023
1023
1023
476
476
1023
1023
1023
1023
1022
1018
633
220
0
0
0
0
0
0
0
1023
854
854
38
346
916
977
702
877
1023
1022
626
390
633
1023
1023
1023
1023
720
585
1011
1023
1023
1023
1023
906
454
15
0
350
931
1023
869
334
217
769
769
571
571
854
790
393
515
1023
1023
1023
805
805
805
805
0
0
0
0
0
0
0
0
0
0
0
0
0
0
0
0
0
0
0
0
0
0
0
0
0
0
0
0
0
0
0
0
0
0
0
0
0
0
0
0
0
0
0
0
0
0
0
0
0
0
0
0
0
0
0
0
0
0
0
0
0
0
310
871
871
1023
1023
1023
1023
788
296
78
122
499
921
921
553
553
386
821
973
977
886
571
412
412
412
1023
764
379
379
243
761
761
939
484
243
614
911
632
421
794
981
685
371
491
972
972
972
972
350
0
0
0
0
0
0
0
0
0
0
0
0
0
0
0
0
0
0
0
0
0
0
0
0
0
0
0
0
0
0
0
0
0
0
0
0
0
0
0
0
0
0
0
0
0
0
0
0
0
0
0
0
0
0
0
0
0
0
0
0
0
0
0
0
0
450
945
945
1022
1023
1023
740
208
83
314
790
917
595
231
555
838
682
875
1006
800
411
411
411
411
960
630
484
867
867
867
1020
1023
1023
971
518
100
0
0
0
0
84
84
84
1023
1023
1023
1023
1023
983
570
144
0
0
0
0
112
747
1023
1023
1023
1000
701
211
0
0
0
0
0
0
0
0
0
0
0
0
0
0
0
0
0
0
0
0
0
0
0
0
0
0
0
0
0
0
0
0
0
0
0
0
0
0
0
0
0
0
0
0
0
0
0
0
0
0
208
748
1021
1023
1023
1023
1020
849
442
63
0
0
0
0
252
710
710
710
710
1022
1022
896
896
179
0
0
0
0
0
133
737
737
1023
587
180
86
574
574
868
676
359
292
609
609
1023
1023
1023
1023
1022
1014
683
683
0
0
0
0
0
0
0
0
0
237
557
557
142
185
672
861
772
511
295
295
295
295
295
702
702
1012
1012
1023
1023
1023
1023
995
608
608
357
357
357
357
956
956
237
189
649
649
649
1022
1022
732
732
167
512
915
1009
1009
892
681
370
109
7
0
0
0
0
528
932
932
1023
1023
1023
802
420
62
0
0
0
0
149
149
1023
1023
1023
1023
1023
827
365
0
0
0
0
0
112
732
1023
1023
713
713
72
220
737
737
1023
1023
1023
1023
679
231
51
4
39
49
43
43
43
0
0
0
0
20
20
945
1023
1023
1023
961
801
473
243
168
167
167
216
350
350
883
1022
1022
1023
1023
1007
789
789
196
85
54
48
63
144
144
775
994
1023
1022
1022
1022
868
538
167
0
1
0
46
46
895
895
746
406
254
254
926
949
766
422
389
525
540
662
662
1023
1023
882
552
147
0
0
0
0
0
0
0
0
0
0
0
0
0
0
0
0
0
0
1
1
0
0
0
1
0
0
0
0
0
0
0
0
0
0
0
0
0
0
0
0
0
0
0
0
0
0
0
0
0
0
0
0
0
0
0
0
0
0
0
0
0
0
0
0
0
0
0
0
0
0
0
0
0
0
0
0
0
0
0
0
0
0
0
0
1
0
0
0
0
0
0
0
0
0
0
0
152
635
838
750
287
306
306
854
819
838
633
544
773
1023
1023
1023
1023
1023
1023
1023
1023
758
566
335
70
0
0
