1023
1023
1023
1023
1023
1023
1023
1022
1023
1023
1023
1023
1023
1023
1020
1023
1023
1023
1023
1023
1023
023
1023
1023
1023
1023
1023
1023
1023
1023
1023
1023
1023
1023
1021
1023
1023
1023
1023
1023
1023
1023
1023
1023
1023
1023
1022
1023
1023
1023
023
1023
1023
1023
1023
1021
1023
1022
1023
1022
1022
1023
1023
1023
1023
3
1023
1023
977
558
265
185
163
166
226
435
800
023
1023
1023
1023
1023
837
575
470
468
467
509
696
914
1023
1023
1023
1023
3
1023
985
742
702
722
859
710
462
376
373
380
513
633
661
223
180
173
1
221
391
724
1020
1023
1023
1023
1023
1023
1023
892
684
682
771
860
925
995
893
728
722
711
684
712
636
81
443
445
456
466
560
801
1015
1023
1021
1023
989
797
727
760
763
752
697
638
641
805
844
862
865
764
700
817
1005
023
23
1023
1023
1023
1023
1023
1023
1023
1023
1023
1023
765
631
617
624
729
955
1023
1023
1023
1023
1023
1022
910
628
513
514
517
592
790
023
1023
1023
1023
1023
1023
1023
1023
1023
681
344
362
690
905
662
347
284
442
558
618
641
637
455
395
391
373
479
845
1022
1023
1023
1023
1023
1023
1023
716
323
201
228
592
479
133
90
303
433
616
857
823
271
122
91
89
87
131
375
780
1023
1023
1023
1023
1023
1023
822
341
167
429
790
779
338
145
503
868
989
949
519
389
770
1023
1023
1023
1023
1023
1023
1023
1023
1023
1022
1023
989
490
239
194
190
196
262
550
980
1023
1023
731
326
666
994
877
337
210
210
263
512
871
1021
1023
1023
904
784
795
483
542
564
411
373
447
366
260
271
1
362
271
254
420
817
1023
1023
1023
3
1023
1023
1023
1023
1022
1023
1008
576
307
260
0
281
374
633
960
1009
768
569
654
899
507
321
299
300
313
514
813
942
827
520
592
846
687
491
479
567
794
835
640
431
314
299
342
450
533
379
248
214
216
215
228
308
617
958
1023
1023
1023
1023
1023
1023
1022
736
654
654
693
814
1021
1023
1023
756
683
789
894
690
394
332
332
341
388
652
969
1018
951
4
554
792
968
826
525
473
683
867
679
317
255
250
247
301
607
862
880
304
281
359
650
929
1019
1023
1022
1022
1023
1023
763
463
368
355
355
353
409
764
893
463
528
892
982
757
282
263
280
596
1018
1023
1022
1023
1023
944
514
280
177
164
202
332
671
1001
1023
1023
1023
1023
1023
1023
859
433
192
177
182
3
702
995
1023
1023
1023
1023
1023
1023
1007
659
351
245
244
354
722
1023
1023
1023
1022
1023
1023
1023
1023
1023
1023
1023
1023
1022
1023
1023
023
1022
1023
1022
1022
1023
1023
1023
679
355
309
515
805
797
558
328
325
604
798
766
521
341
358
641
784
702
439
276
378
680
963
1023
1023
1023
1023
1023
801
358
295
469
696
959
1023
1023
1023
1023
1023
812
365
165
95
85
84
8
449
830
1023
1023
1023
1022
1023
787
390
168
172
535
774
381
129
201
652
878
1023
439
355
264
248
258
325
449
829
1023
1023
1022
1023
1022
1023
1022
937
419
360
669
876
516
219
77
77
149
480
703
430
95
86
87
136
267
8
82
82
140
396
927
1023
1023
1023
1023
941
466
467
807
1007
874
411
236
257
510
683
393
203
254
339
578
973
1022
1023
1023
1023
1023
1023
919
473
258
190
192
209
337
701
1023
1023
1023
1022
1023
1002
220
134
131
130
149
386
826
1023
1023
1023
1023
1023
1023
640
320
295
572
804
4
250
190
363
734
886
927
598
311
204
192
192
217
454
873
1023
1023
1023
1023
1023
1023
964
537
353
330
330
344
353
501
825
990
1023
1023
1023
1023
940
756
496
230
228
0
258
506
899
1022
1023
1023
1023
1023
971
540
284
219
220
243
1
860
1023
1023
1023
1023
1023
1023
865
517
335
842
747
432
215
240
280
280
355
561
264
140
134
146
310
639
1022
1023
1023
1022
1023
1023
1023
1023
1023
1023
1023
1023
1023
1023
1023
1023
1022
1023
1023
1023
1023
1023
1023
1023
1023
1023
1023
1023
1023
1023
1023
1023
1023
1023
1023
1023
1023
1023
1023
1023
1023
1023
1023
1023
1023
1023
1023
1023
1023
1022
1023
1023
1023
1023
1022
1023
1023
1023
023
1023
1023
1023
1022
1023
1023
1023
1023
1023
1023
1023
1023
1023
1023
1023
1023
1023
1023
1023
1021
1023
1023
1023
023
1023
1023
1023
920
778
446
408
608
886
938
807
603
598
840
912
633
360
336
336
350
307
302
314
285
166
173
496
830
1023
1023
1023
1023
1023
