684
620
556
489
417
344
270
191
113
35
1
1
1
1
1
1
1
29
221
215
183
209
244
293
354
409
464
522
590
770
916
995
1024
1024
1024
1024
1024
1024
1024
1024
1024
1024
1024
1024
1024
1024
1015
975
935
889
840
790
730
671
613
549
484
415
343
271
194
116
35
1
1
1
1
1
1
1
1
1
1
1
1
1
17
59
104
149
208
273
340
413
477
542
621
955
1024
1024
1024
1024
1024
1024
1024
1024
1024
1024
1024
1024
1024
1024
1000
971
948
910
858
801
738
675
612
545
473
401
329
249
170
92
25
1
1
1
1
1
1
2
34
80
116
199
360
579
838
1017
1024
1024
1024
1024
1024
1024
1024
1024
1024
1024
1024
1024
1024
1024
1024
1024
1024
1024
1024
1020
863
815
763
707
667
622
568
509
453
397
335
277
240
230
250
280
376
404
377
368
369
380
406
451
513
587
673
754
833
912
989
1024
1024
1024
1024
1024
1024
1024
1024
1024
1024
1024
1024
1024
1024
1024
1024
1024
1024
1008
968
930
883
832
781
718
660
601
392
340
300
293
325
412
440
397
338
282
242
213
192
176
171
234
601
665
818
865
922
988
1024
1024
1024
1024
1024
1024
1024
1024
1024
1024
1024
1024
1024
1024
1024
1024
1024
1024
1024
990
952
908
860
810
754
690
630
567
499
430
355
282
204
125
47
1
1
1
1
1
1
1
1
1
1
1
1
1
1
1
6
35
71
111
173
236
292
358
419
485
555
627
704
1024
1024
1024
1024
1024
1024
1024
1024
1024
1024
1024
1024
1013
973
932
886
837
787
728
666
605
540
476
405
332
259
183
106
29
1
1
1
1
1
1
1
1
1
5
22
31
41
58
93
142
215
290
357
426
503
574
645
719
790
861
932
1007
1024
1024
1024
1024
1024
1024
1024
1024
1024
1024
1024
1024
1024
1024
1024
1021
982
944
898
852
801
740
680
619
553
487
417
344
271
197
120
47
1
1
1
1
1
1
1
1
1
1
1
1
1
1
1
22
68
122
240
356
468
555
637
709
784
867
941
1017
1024
1024
1024
1024
1024
1024
1024
1024
1024
1024
1024
1024
1024
1024
1007
967
929
720
662
603
539
476
409
345
281
221
19
17
31
54
85
133
186
230
284
338
392
452
507
566
626
683
745
806
873
940
1006
1024
1024
1024
1024
1024
1024
1024
1024
1024
1024
1024
1024
1024
1024
1024
997
965
930
886
845
800
748
695
646
585
534
479
428
376
322
274
233
203
188
173
174
179
193
220
247
305
356
404
447
495
547
601
657
713
770
838
904
971
1024
1024
1024
1024
1024
1024
1024
1024
1024
1024
1024
1024
1024
1024
1024
998
965
927
881
834
784
723
666
607
543
478
412
345
275
202
135
72
32
37
62
93
131
187
248
313
387
472
541
601
654
703
753
810
874
937
1002
1024
1024
1024
1024
1024
1024
1024
1024
1024
1024
1024
1024
1024
1024
124
881
835
784
721
664
602
536
470
401
333
265
192
129
70
32
16
10
29
52
248
329
384
433
484
536
593
652
711
764
822
885
947
1010
1024
1024
1024
1024
1024
1024
1024
1024
1024
1024
1024
1024
1024
1024
1024
999
965
926
719
663
604
540
477
411
341
276
209
147
92
67
50
48
49
69
93
128
182
414
469
521
570
619
668
722
778
837
902
970
1024
1024
1024
1024
1024
1024
1024
1024
1024
1024
1024
1024
1024
1024
1024
1018
977
939
890
843
795
564
502
435
369
308
240
174
114
56
22
9
7
10
8
19
36
50
71
98
124
317
376
436
498
559
617
688
756
829
906
985
1024
1024
1024
1024
1024
1024
1024
1024
1024
1024
1024
1024
1024
1001
968
938
900
864
829
782
747
710
539
500
455
423
390
359
325
298
270
254
255
268
297
343
407
474
