Pin:	0
494
494
494
494
494
495
494
494
494
494
494
494
494
495
495
494
494
494
494
494
494
494
494
495
494
500
499
557
557
733
836
854
859
860
862
862
862
862
897
897
1015
1023
1023
1023
1023
1023
996
943
943
846
813
813
753
726
698
698
633
600
564
527
494
494
494
378
339
301
268
268
195
164
132
99
49
49
12
10
6
0
0
0
0
0
0
0
37
37
121
159
191
222
222
294
329
356
383
418
418
492
529
567
594
625
625
671
701
739
739
823
823
901
956
956
1023
1023
1023
1023
1023
1023
1002
938
938
787
707
707
570
522
480
437
397
358
320
320
247
215
184
156
129
105
77
47
15
0
0
0
0
0
0
102
286
286
286
286
738
738
157
0
8
216
546
714
747
750
750
757
759
760
760
776
782
782
612
471
300
154
65
41
24
0
0
0
0
0
0
0
27
96
230
375
445
445
565
569
554
319
319
107
90
90
86
85
99
304
304
693
778
829
846
873
884
884
885
886
882
882
882
561
454
395
393
393
394
395
396
525
585
585
585
586
617
699
766
777
779
778
733
457
408
274
189
110
110
92
92
85
72
52
48
81
276
470
470
787
850
879
877
767
767
279
125
110
75
77
77
78
78
265
365
486
577
577
681
679
679
384
199
150
172
408
561
621
621
356
295
244
244
277
476
564
599
632
680
730
730
778
778
778
678
427
303
125
115
56
52
55
55
156
156
462
544
548
549
549
548
546
547
548
548
548
548
548
547
547
548
548
547
547
547
547
547
548
547
547
547
547
548
548
548
548
548
547
547
548
548
