Pin:	0
0
0
0
0
0
0
0
0
0
0
0
0
0
0
0
0
9
12
12
12
12
31
35
35
34
34
34
34
35
37
35
33
33
36
35
34
32
33
36
33
33
35
36
36
36
33
33
34
36
35
35
35
24
17
21
19
18
4
0
0
0
0
0
0
0
0
0
0
180
562
562
941
948
947
945
915
750
439
213
143
140
140
236
236
670
670
894
926
926
925
891
769
503
503
183
156
170
261
558
830
795
538
403
575
795
792
792
461
461
325
325
589
875
950
956
955
955
770
770
353
353
98
96
96
97
151
539
898
967
967
965
962
922
922
391
359
568
568
892
892
375
375
194
211
212
206
228
228
833
833
905
902
903
895
753
490
428
428
838
830
655
417
346
529
529
854
853
705
705
747
970
1007
1007
1007
746
447
197
54
0
0
0
0
25
452
842
842
967
969
969
854
585
585
585
0
0
19
231
622
622
622
622
622
888
638
638
638
73
63
63
57
96
397
785
859
669
338
338
419
776
926
877
769
769
558
351
203
397
684
797
825
838
760
540
278
36
0
0
0
0
40
442
779
860
863
863
486
594
859
972
969
949
783
617
650
905
1012
1012
1012
990
882
537
228
81
79
79
104
104
104
986
986
940
940
171
59
310
780
1003
995
995
905
817
817
227
227
0
0
0
0
0
0
0
0
0
0
0
0
0
0
326
769
875
801
771
736
736
272
142
142
448
375
84
84
0
0
0
0
0
0
0
0
0
0
0
0
0
0
0
0
0
0
0
0
0
0
0
0
0
0
1
0
0
0
0
0
1
0
0
0
0
0
0
0
0
0
0
