Pin:	0
1023
023
1022
1023
1023
1023
1023
1023
3
3
1023
1023
1023
1023
1023
1023
1023
1023
1023
1023
1023
1023
1023
1023
1022
1023
1022
1023
1022
1023
1023
1023
1023
1023
1023
1023
1023
1023
1023
1023
1023
1023
1023
1023
1023
1023
1022
1023
1023
1022
1023
1023
1022
1023
1023
1023
1023
1023
3
1023
1023
1023
1023
1023
1023
1023
1022
1023
1023
1023
1023
1023
1022
1023
1023
1023
1023
1023
1023
1023
1022
1023
1023
1023
1023
1022
1023
1023
3
1023
1023
1023
1023
1023
1023
1023
1023
1023
1023
1023
1023
1023
1022
1023
1023
1023
1023
1023
1023
1023
1023
1023
1023
1023
1023
1023
1023
023
23
1023
1023
1023
1023
1023
1023
1023
1023
1023
1023
1023
1023
1023
1023
1023
1023
1023
1023
1023
1023
1023
1023
1023
1023
1023
1023
1023
1023
1023
1023
1023
1023
023
1023
1023
1023
1022
1023
1022
1023
1023
1023
1023
1023
1023
1023
1023
1023
1023
1023
1023
1023
1023
1023
1023
1023
1023
1023
1023
1023
1023
1023
1020
1023
1023
1023
1023
1023
1023
1023
1023
1023
1023
1023
1023
1023
1021
1023
1023
1023
1023
1023
1023
1023
1023
1023
1023
1023
1023
1023
1023
1023
1023
1023
1022
1022
1022
1023
1023
1023
1023
1023
1023
1023
1023
1023
1023
1023
1023
1023
1023
1023
1023
1023
1023
1022
1023
1023
1023
1023
1023
1023
1022
1023
1023
1023
1022
1023
1023
1023
1023
1023
1023
1023
1023
1023
1022
1023
1023
1023
1023
1023
1023
1023
1023
1023
1023
1023
1022
1022
1023
023
1023
1023
1023
1023
1023
1023
1023
1023
1023
1022
1023
1023
1023
1023
1023
1023
1023
1023
1023
1023
1023
1023
1023
1022
1023
1023
1023
1022
1023
1023
1023
1023
1023
1023
1023
1023
1023
1022
1023
1023
1023
1023
1023
1023
1023
1023
1023
1023
23
1023
1023
1023
1023
1023
1022
1023
1023
1023
1023
1023
1023
1022
1022
1023
1023
1023
1023
1023
1023
1023
1022
1023
1023
1023
1023
1022
1023
1023
1023
1023
1023
1023
1023
1023
1023
1023
1023
1023
1023
1023
1023
1023
1023
1023
1023
1023
1023
1023
1023
1023
1023
1022
1023
1022
1023
1023
1023
1023
1023
1022
1023
1023
1023
1023
1023
1023
1023
23
1023
1023
1023
1023
1022
1023
1023
1023
1023
1023
1023
1023
1023
1023
1023
1023
1023
1023
1023
1023
1023
1023
1023
1021
1023
3
1023
1023
1022
1023
1023
1023
1023
1023
1023
1023
1023
1023
1023
1023
1023
1023
1022
1023
1021
1023
1023
1023
1023
1023
1022
1023
1023
1023
1023
1023
1023
1023
1023
1023
1023
1023
1023
1023
1023
1023
1023
1023
1023
1022
1023
1022
1023
1023
1023
1023
1023
1023
1023
1023
1023
1023
1023
1023
1023
1022
1023
1022
1023
1023
1023
1023
1023
1023
1023
1023
1022
1023
1023
1023
1023
1023
1023
1023
1022
1023
1023
1023
1023
1023
1023
1023
1023
1023
1021
1023
1023
1023
1023
1023
1021
1023
1023
1022
1023
1023
1023
1023
1023
1023
1023
1022
1023
1023
1023
1023
1023
1023
1023
1023
1023
1023
1023
1023
1023
1023
1023
1023
1023
1023
1023
1023
1023
1023
1023
1023
1023
1023
1023
1023
1022
1023
1023
1023
1022
1023
1023
1023
1022
1023
1023
1023
1023
1023
1023
1022
1023
1023
1023
1023
1023
022
1023
1023
1023
1023
1023
1023
1023
1023
1023
1023
1023
1023
1023
1022
1023
1023
1022
1023
1023
1023
1022
1023
1022
1022
1023
1023
1023
1023
1023
1023
1023
1023
1023
1023
1023
1023
1022
1023
1023
3
1023
1023
1023
1023
1023
1023
1023
1023
1023
1023
1023
1021
1023
1023
1023
1023
1023
1023
1023
1023
1023
1022
1023
1021
1023
1021
1023
1023
1023
1023
1023
1023
1023
1023
23
2
1023
1023
1023
1023
1023
1023
1023
1023
1023
1023
1023
1023
1021
1023
1023
1023
1023
1023
1023
1023
1023
1023
1023
1023
1023
1023
1022
1023
1023
1023
1023
1023
1021
1023
1023
1023
1023
1023
1023
1023
1023
1023
1023
1023
1023
1022
1023
1023
1022
1023
1023
1021
1023
1023
1022
1023
1023
1023
1023
1023
1022
1023
1023
1023
1023
1023
1023
1023
1022
1023
1023
1023
1023
1023
3
1023
1023
1023
1023
1023
1023
1023
1023
1023
1023
1023
1023
1023
1023
1023
1023
1023
1023
1023
1023
1023
1023
1023
1023
1023
1021
1023
1023
1023
1023
1023
1023
1023
1023
1023
3
1023
1023
1023
1023
1023
1023
1022
1023
1023
1023
1023
1023
1023
1023
1023
1023
1023
1023
1023
1023
1023
1023
1023
1023
1023
1023
22
1023
1023
1022
1023
1023
1023
1023
1022
1023
1023
1022
1023
1023
1023
1022
1004
942
843
693
566
457
343
247
143
16
0
0
0
0
0
0
0
0
0
0
0
0
0
0
0
0
0
0
0
0
0
0
0
0
0
0
0
0
0
0
0
0
0
0
0
0
0
0
0
0
0
0
0
0
0
0
0
0
0
0
0
0
0
0
0
38
82
134
0
261
367
466
595
727
863
982
1022
1023
1023
1023
1023
1023
1023
1023
1023
1023
1023
1023
1023
1022
1023
1022
1023
1004
910
790
652
490
321
153
95
143
292
480
659
862
1023
1023
1023
997
893
757
602
405
269
241
316
544
739
781
663
517
473
637
885
952
790
540
367
648
905
1023
1023
1023
1023
1023
1023
910
692
502
321
317
316
315
327
435
748
986
1023
1005
820
638
463
450
681
806
623
570
801
791
573
634
818
643
158
0
51
408
769
1001
1023
1023
673
60
0
0
0
0
1
1
1
54
409
1023
880
474
4
484
820
903
705
499
415
363
353
319
349
511
656
759
856
920
958
945
778
542
291
0
24
232
554
824
864
582
201
43
151
538
846
1023
1022
1023
1023
1023
972
890
770
644
500
77
286
191
86
0
0
0
0
0
0
0
0
0
0
11
61
111
167
221
264
298
330
365
406
447
489
535
590
639
694
758
822
889
962
1023
1023
1023
1023
1023
996
949
903
864
837
810
777
733
656
632
597
554
512
475
440
409
386
363
298
254
199
134
65
0
0
0
48
172
338
496
654
731
731
644
494
333
178
58
38
40
109
268
508
753
898
993
1023
1023
1023
1023
1023
023
967
841
713
573
366
172
0
0
0
0
0
0
0
0
84
241
425
622
813
952
988
944
812
656
519
389
281
191
149
151
203
339
526
696
772
739
576
428
385
6
657
651
481
312
385
533
675
777
865
926
942
941
868
753
655
564
481
402
317
235
155
77
10
0
0
0
0
0
0
27
108
196
309
468
682
885
1004
1010
1015
1013
1013
975
839
636
378
143
0
0
7
239
506
714
757
704
587
554
618
716
721
624
501
401
302
212
132
77
59
64
141
302
470
616
883
908
684
438
0
0
0
0
0
0
0
0
0
0
1
0
0
237
446
736
697
472
344
419
564
257
241
553
823
860
587
255
163
00
841
1
910
509
222
52
147
525
908
1023
981
711
378
0
156
561
915
1023
965
6
356
47
0
68
358
716
994
1023
1023
957
735
458
145
0
33
263
598
927
1023
1023
971
750
467
190
0
0
0
116
227
348
464
573
671
760
843
870
853
747
620
476
309
230
374
627
615
0
470
638
552
429
578
660
481
446
630
581
2
416
522
405
6
518
500
270
339
525
419
5
114
416
580
504
51
165
307
526
566
511
359
198
116
134
262
403
724
846
987
985
951
905
841
770
705
649
609
4
524
458
386
327
277
256
274
299
299
301
291
221
144
92
56
32
30
40
91
163
245
321
394
572
639
786
879
958
999
8
968
916
3
784
725
676
634
597
557
4
458
401
340
285
232
171
121
74
53
52
57
87
141
214
355
430
584
679
767
848
924
998
1023
1023
1023
1023
1001
925
830
731
631
516
379
212
87
53
86
234
452
674
864
1018
23
1022
789
591
91
185
50
0
0
63
203
390
589
788
945
960
828
610
368
148
0
0
2
190
669
834
891
860
722
522
70
0
0
5
252
491
733
925
1012
1013
982
618
357
127
0
0
0
66
259
545
822
1021
1021
1023
1023
1022
955
750
534
310
131
0
0
3
153
391
50
859
995
1022
1022
1023
952
800
624
446
269
122
0
0
1
88
262
462
802
941
1022
1023
1023
1023
977
851
677
497
319
140
14
0
0
51
192
384
580
754
8
1022
1023
1023
1023
1023
867
743
621
478
340
202
103
50
8
119
247
423
599
730
829
914
985
1021
1023
1011
947
834
677
534
392
247
123
16
9
79
215
406
824
949
939
789
517
192
0
0
226
563
882
1023
23
912
639
326
108
82
256
580
886
1022
1010
881
618
291
0
0
87
353
658
885
1021
1023
23
1014
902
756
639
545
543
545
570
577
577
577
578
6
726
850
888
1
924
953
976
999
1010
1015
1015
1014
1015
1016
1014
1014
1015
1015
1016
1015
1014
983
894
917
977
920
671
381
216
326
714
1023
1023
704
373
317
559
913
1023
1023
1023
1023
1023
1023
1023
952
617
255
0
0
0
0
0
0
0
0
0
0
25
213
462
752
917
900
682
373
190
280
628
914
959
754
454
171
116
325
689
922
922
709
407
133
97
306
649
920
6
776
484
237
187
383
686
866
690
426
163
34
0
118
352
638
841
989
1023
1023
1023
1023
1023
1023
976
74
774
690
616
558
501
432
363
283
193
84
0
0
0
0
0
0
0
0
0
0
0
0
0
0
0
0
0
