Pin:	0
401
400
400
400
401
400
400
401
401
401
400
400
400
400
401
400
402
400
401
400
401
400
400
401
401
400
401
401
401
401
400
401
400
401
401
401
401
400
401
401
401
401
400
401
401
401
401
401
401
401
401
401
401
401
400
401
401
401
401
400
401
401
401
400
401
401
401
401
401
401
401
401
401
400
400
401
401
400
401
400
400
401
401
400
400
401
401
401
401
400
400
400
401
401
400
401
401
401
400
400
400
400
400
400
400
401
400
400
400
400
401
400
401
401
401
401
400
400
400
401
401
400
400
400
401
400
400
400
