Pin:	0
1023
1023
1023
1022
1023
1023
1023
1023
1023
1022
1023
1023
1023
1023
1023
1020
1023
1023
1023
1023
1023
1023
23
3
1023
1023
1023
1023
1023
1023
1023
1023
1022
1023
1023
1023
1022
1023
1023
1023
1023
1023
1023
1023
1023
1023
1023
1023
1023
1023
1023
1023
1023
1023
1023
1022
1023
1022
1023
1023
1023
1023
1023
1023
1022
023
1023
1023
1023
1023
1023
1023
1023
1023
1023
1022
1023
1023
1023
1023
1023
1023
1023
1023
1023
1023
1023
1023
1023
1023
1023
1023
1023
1023
1023
1023
1023
1023
1023
1023
1023
1023
1022
1023
1023
1023
1023
1023
1023
1023
1023
1023
1023
1023
1023
1023
1023
023
23
1023
1023
1023
1023
1022
1023
1023
1023
3
1023
1023
1023
1023
1023
1023
1023
1023
1023
1023
1023
1023
1023
1023
1023
1023
1022
1023
1023
1023
1023
1023
1023
1022
1022
1023
1023
1023
1023
1023
1023
1023
3
1022
1023
1023
1023
1023
1023
1023
1023
1023
1023
1023
