Pin:	0
1022
1023
1023
1023
1023
1023
1023
1023
1023
1023
1023
1023
1023
1023
1021
1023
1023
1023
1023
1023
1023
1023
1023
1023
1023
1023
1023
1023
1023
1023
1023
1023
1023
1023
1023
1023
1022
1023
1023
1023
1023
1023
1022
1023
1023
1023
1023
1023
1023
1023
1023
1023
1023
1023
1022
1023
1023
1023
1023
1023
1023
1022
1023
1023
1023
1023
1022
1023
1023
1023
1023
1023
1023
1023
1023
1023
1023
1023
1023
1023
1023
1023
1023
1023
1023
1023
1022
1023
1022
1023
1023
1023
1023
1023
987
900
773
633
480
322
195
81
0
0
0
0
1
0
0
0
0
0
0
0
70
142
194
249
331
370
408
447
488
526
563
603
640
678
716
751
798
1
884
928
979
1023
1022
1023
1023
1023
1022
1023
1023
1023
1023
1008
786
641
500
370
269
247
318
447
564
641
704
769
836
10
1000
1023
1023
1023
1023
1023
1023
1023
1023
1023
1023
1023
1023
1023
1023
1021
1023
1023
1022
1023
1023
1023
1023
1023
1020
1023
1023
1023
1023
1022
1023
1023
1023
1023
1023
1022
1023
1023
1023
1023
1023
1022
1023
1023
1023
1023
1023
1023
1023
1023
1023
1023
1023
1023
1023
1023
1023
1023
1023
1023
1023
1023
1023
1023
1023
1023
1023
1023
1023
1023
1023
1023
1023
1023
1023
1023
1023
1023
1023
1023
1022
1023
1023
1023
1023
1023
1023
1023
1022
1023
1023
1023
1023
1022
1023
1022
1023
1023
1023
1023
1023
1022
1023
1023
1023
1023
1023
1023
1021
1023
1023
1023
1023
1023
1023
1022
1022
1023
1023
1023
1023
1023
1023
1023
1023
1023
1023
1023
1023
1023
1023
1023
1023
23
1023
1023
1023
1023
1023
1023
1023
1023
1023
1023
1023
1023
1023
1023
1023
1023
1023
1023
1023
1023
1023
1023
1022
1022
1023
1023
1023
1023
1022
1023
1023
23
1023
1023
1023
1023
1023
1022
1023
1023
1023
1023
1023
1023
1023
1023
1023
1023
1023
1023
1023
1023
1023
1022
1023
1023
1023
1023
1023
1023
1023
1023
1023
1023
1023
1023
1023
1023
1023
1023
1023
1023
1023
1023
1023
1023
1022
1023
1022
1023
1022
1023
1023
1023
1023
23
3
1023
1023
1023
1023
1022
1023
1023
1023
1023
1023
1022
1023
1023
1023
1023
1023
1023
1023
