Pin:	0
401
401
401
401
400
400
400
400
401
401
400
401
401
400
400
400
400
401
401
400
401
400
400
400
400
400
400
400
400
400
400
400
400
400
400
400
400
400
400
400
401
401
401
401
400
401
400
400
400
400
401
401
401
401
400
401
401
400
401
400
400
401
401
400
401
401
401
400
400
400
401
401
401
401
401
401
401
401
401
400
401
401
400
401
401
401
400
400
400
400
401
401
400
401
401
401
401
400
401
400
400
400
400
401
401
400
400
401
401
401
400
400
401
401
401
400
401
401
401
401
400
401
400
400
401
401
401
400
401
400
401
401
400
400
401
400
400
401
401
401
400
401
400
401
401
400
401
401
400
400
400
401
400
400
400
400
401
401
400
400
400
400
400
400
400
400
400
401
400
400
400
400
400
400
400
400
401
401
400
400
401
401
401
400
400
400
400
400
400
400
400
401
401
401
401
401
401
400
401
400
401
401
400
401
400
401
401
401
401
400
401
401
401
401
401
400
401
401
401
401
401
400
401
401
401
401
401
401
400
401
400
401
401
400
401
401
401
401
401
400
401
401
401
401
401
401
400
400
401
400
401
401
400
401
400
401
401
400
400
399
399
401
401
401
401
400
401
400
400
400
401
400
401
401
400
400
400
400
401
400
401
401
400
400
400
401
401
400
400
400
400
400
401
401
400
401
400
400
400
400
400
400
401
401
400
401
401
400
401
400
400
400
400
401
401
400
400
401
400
401
401
401
400
401
400
401
400
400
400
401
400
400
400
401
401
400
401
401
401
401
400
401
401
401
401
401
400
400
401
400
401
401
400
400
401
401
401
400
401
400
400
401
401
400
400
401
401
400
400
401
400
401
401
400
400
402
400
400
401
401
400
401
401
400
400
401
401
401
401
400
402
401
401
401
400
401
401
401
401
401
401
400
401
401
400
400
400
401
401
400
401
401
401
400
400
400
400
400
400
401
400
400
400
400
400
400
400
400
400
401
400
401
400
400
400
400
401
401
401
401
400
401
401
400
401
400
401
401
400
400
401
400
401
401
400
400
400
400
401
400
400
401
400
401
400
400
400
400
400
401
400
400
400
400
400
401
400
401
401
400
400
401
401
401
401
401
401
401
401
401
401
400
401
401
401
401
401
401
401
401
401
400
401
401
401
400
401
401
401
400
401
401
401
402
401
401
400
406
403
396
358
300
241
101
72
71
80
137
209
358
564
796
981
991
992
996
1010
1016
1023
1023
1023
1023
1023
1023
1023
1023
1023
1023
1023
1023
1023
1023
1023
1023
1023
1023
1023
1021
1010
996
982
971
957
946
931
898
884
870
844
827
767
718
665
575
444
331
267
281
1008
793
264
163
205
427
973
1023
1022
1023
1014
796
700
622
503
490
486
486
553
814
1023
1023
1022
1023
1023
944
616
96
0
0
0
696
1023
1023
1022
1023
623
173
0
1
0
24
646
889
1001
1011
1013
989
791
430
186
197
704
772
346
240
270
416
592
743
845
891
917
594
460
398
385
385
385
378
376
384
604
792
826
839
836
696
395
360
796
566
309
130
87
95
142
221
456
799
976
1023
1023
1021
939
643
282
205
258
359
438
520
596
503
256
38
102
346
798
806
565
8
0
0
0
121
426
734
732
468
494
494
495
496
494
494
494
494
494
494
494
494
494
494
494
494
494
494
494
494
494
494
494
494
494
494
494
494
494
494
494
494
494
494
494
494
494
494
494
494
494
494
494
494
494
494
494
494
494
494
494
494
494
494
494
494
495
495
493
494
494
494
494
494
494
494
494
494
494
494
494
494
494
494
494
494
494
494
494
494
494
494
494
494
494
494
494
494
494
494
494
494
494
494
494
494
494
494
494
494
494
495
495
494
495
494
495
494
495
494
494
495
494
494
495
494
494
494
494
494
494
494
494
494
494
494
495
494
494
494
494
494
494
494
494
494
494
494
494
494
494
494
494
494
494
494
494
494
494
494
494
494
494
494
494
494
494
494
494
494
494
494
494
494
494
494
494
494
494
494
494
494
494
494
494
494
494
494
494
494
494
494
494
494
494
494
494
494
494
494
494
494
494
494
494
494
493
494
494
494
494
494
494
494
494
494
494
494
494
494
494
494
494
495
494
494
494
494
494
494
494
495
495
494
494
494
494
494
494
494
494
494
495
494
495
494
494
495
494
494
495
495
494
495
494
494
494
495
494
495
494
495
494
494
494
494
494
494
494
494
494
494
494
494
494
494
494
494
494
494
494
494
494
494
494
494
494
494
494
494
494
494
494
494
494
494
494
494
495
494
494
494
494
494
494
494
494
494
494
494
494
494
494
494
494
494
494
494
494
494
494
494
494
494
494
494
494
494
494
494
494
494
494
494
494
494
493
494
494
494
494
495
494
494
