Pin:	0
0
0
0
3
0
1
0
0
0
2
3
3
1
1
1
0
1
1
1
0
0
0
3
2
1
0
3
3
1
1
0
0
0
0
0
0
0
0
0
0
1
0
0
0
0
0
1
0
0
0
0
0
0
0
0
0
0
0
0
0
0
0
0
0
252
651
920
989
989
943
796
498
173
40
6
4
4
4
354
712
932
996
1002
994
934
698
240
240
0
0
0
0
186
710
870
622
288
308
643
925
925
765
654
604
604
604
691
1022
1023
1023
999
856
856
132
0
0
0
0
0
0
340
886
945
945
878
830
830
262
262
271
575
575
492
171
88
247
247
653
657
657
629
361
361
41
38
37
38
95
417
417
498
498
62
252
688
821
568
218
218
54
54
88
467
467
800
796
732
400
0
0
0
1
0
0
0
0
755
985
991
990
943
614
98
0
0
0
0
0
0
1023
1023
1023
1023
919
531
531
531
531
0
0
0
0
125
406
406
406
406
298
166
361
361
839
839
839
839
737
525
53
0
0
0
0
0
0
0
0
0
0
0
0
9
451
649
654
654
653
593
253
0
0
57
65
83
385
736
766
766
766
766
341
313
647
810
771
713
692
677
677
290
290
446
446
667
348
280
533
674
478
215
296
296
616
666
666
777
578
221
0
0
0
0
0
0
0
0
0
0
0
0
0
0
0
0
0
0
0
0
0
0
0
0
0
0
0
0
0
1
0
0
0
0
0
0
0
0
0
0
0
0
0
0
0
0
0
0
0
0
0
0
0
0
0
0
0
0
0
0
0
0
0
0
0
58
243
323
360
359
313
165
1
18
18
459
674
713
591
307
146
133
128
128
128
128
580
661
607
381
260
319
581
770
715
490
240
240
301
563
563
793
798
789
629
462
353
531
767
835
837
837
743
517
231
25
0
0
0
0
0
0
0
0
0
0
0
0
0
0
0
0
0
0
0
0
0
0
0
0
0
1
0
0
0
0
0
0
0
0
0
0
0
0
0
0
1
1
0
1
0
0
0
0
0
0
0
0
0
0
0
0
0
0
0
0
0
424
834
879
879
879
616
616
616
175
607
837
668
668
0
0
0
0
0
0
371
720
761
761
761
637
267
0
0
0
0
0
0
0
541
569
535
535
518
518
487
487
487
56
56
35
35
121
422
672
676
676
676
676
398
80
0
0
0
0
0
0
0
0
0
0
0
0
0
0
0
0
0
0
0
0
0
0
0
0
0
0
0
0
0
0
0
0
0
0
0
0
0
0
0
0
0
0
0
0
0
0
0
0
0
0
0
0
0
0
0
175
587
776
783
750
587
263
0
0
0
0
0
145
563
808
869
869
847
718
518
236
44
0
0
0
0
103
410
736
818
818
433
114
0
40
389
389
878
883
878
803
610
235
0
0
0
0
0
0
0
0
0
0
0
0
0
657
928
905
541
86
86
219
678
921
959
959
959
959
439
439
58
285
511
458
186
14
106
365
522
522
717
606
252
0
0
174
589
589
619
185
1
0
0
0
0
0
455
850
921
921
867
620
217
217
217
0
0
0
0
0
0
0
1007
986
782
782
198
133
124
100
106
312
698
859
859
847
835
835
680
385
0
0
0
0
0
0
8
371
611
611
307
0
0
234
587
766
772
735
659
488
168
0
0
0
0
0
0
0
0
0
0
0
0
0
118
514
763
763
795
723
564
233
0
0
0
0
0
102
485
851
974
974
1000
966
732
439
70
0
0
0
0
186
560
889
889
977
979
938
743
453
73
0
0
0
6
6
706
706
910
480
480
480
235
672
955
1023
1023
1023
877
573
358
588
922
1021
1010
808
467
122
122
122
0
0
0
0
0
0
0
0
0
0
0
0
0
1
0
0
0
0
0
0
0
0
0
0
0
0
0
0
0
0
0
0
0
0
0
0
0
0
0
0
0
0
0
0
0
0
0
0
0
0
0
0
0
0
0
0
0
0
0
0
0
0
1
0
0
0
0
0
0
0
0
0
0
0
0
0
0
0
0
0
0
0
0
0
0
884
927
844
569
266
166
166
533
740
846
863
861
863
863
862
859
731
488
196
49
49
0
0
0
0
0
0
0
0
0
