Pin:	1
1023
1023
1023
1021
1022
1023
1023
1023
1023
1023
1023
1023
1022
1023
1023
1023
1023
1023
1023
1023
1023
1023
1023
1021
1023
1023
1023
1023
1023
1023
1023
1023
1021
1023
1023
3
1023
1023
1023
1023
1023
1023
1023
1023
1023
1023
1023
1022
1023
1023
1023
1022
1022
1023
1023
1022
1023
1023
023
1023
1023
1023
1023
1022
1023
1023
1020
1023
1023
1023
1023
1023
1023
1023
1023
1023
1023
1023
1023
1023
1023
1023
1023
1022
1022
1023
1021
1021
1022
1023
1023
1023
1022
1023
23
1023
1023
1023
1023
1023
1023
1023
1023
1023
1023
1023
1023
1023
1023
1023
1023
1023
1023
1023
1023
1023
1023
1023
1023
1022
1023
1022
3
1023
1023
1023
1022
1023
1021
1023
1023
1023
1023
1023
1023
1023
1023
1023
1023
1023
1023
1023
1023
1023
1023
1023
1023
1022
3
1023
1023
1023
1023
1023
1023
1023
1023
1023
1021
1023
1023
1023
1023
1023
1023
1023
1023
1023
1023
1023
1023
1023
1023
1023
1023
1023
1023
1022
1023
1023
1023
1023
1023
1022
1023
1023
1023
1023
1023
1023
1023
1023
1023
1023
1022
1023
1023
1023
1023
1023
1023
1022
1023
1023
1023
1023
1023
1023
1023
1023
1023
1023
1023
1023
1022
1022
1023
1023
1023
1023
1023
1023
1023
1022
1023
1022
1023
1023
1023
1023
1023
1023
1023
1023
1023
1023
1023
1023
1023
1023
1023
1023
1023
1023
1023
1023
23
1023
1023
1023
1023
1023
1023
1023
1023
1023
1023
1023
1023
1023
1023
1023
1023
1023
1023
1023
1023
1021
1023
1023
1023
1023
1023
1023
1023
1023
1023
1023
1023
1023
1023
1023
1023
1023
1023
1023
1023
1023
23
1023
3
1023
1023
1023
1023
1023
1023
1023
1023
1023
1023
1022
1023
1023
1023
1023
1023
1023
1023
1022
1023
1023
1023
1023
1023
1023
1023
1023
